
### NO BORDER CHECK ###
# Changing population #
Finding for config => pop: 50, mut: 0.02, el: 4
Results: [1785.9944961027586, 1885.3604628640676, 1462.4819219988449, 1658.2836326817142, 1512.663525849979] -- median: 1658.2836326817142
Best individual is [0, 4, 10, 11, 2, 20, 5, 15, 18, 1, 9, 14, 19, 13, 17, 16, 3, 8, 7, 6, 12], (1462.4819219988449,)
Median individual is [2, 8, 3, 16, 20, 9, 1, 5, 15, 18, 0, 10, 11, 4, 19, 14, 13, 17, 7, 12, 6], (1658.2836326817142,)
Finding for config => pop: 100, mut: 0.02, el: 4
Results: [1576.8204355265118, 1845.5403378078652, 1567.6662884241362, 1578.75914426438, 1507.4208402523268] -- median: 1576.8204355265118
Best individual is [12, 6, 7, 16, 20, 14, 5, 15, 18, 1, 9, 0, 10, 11, 4, 2, 8, 3, 17, 13, 19], (1507.4208402523268,)
Median individual is [0, 20, 16, 8, 2, 11, 10, 4, 9, 1, 18, 15, 5, 14, 19, 13, 17, 3, 7, 6, 12], (1576.8204355265118,)
Finding for config => pop: 200, mut: 0.02, el: 4
Results: [1736.706223296772, 1644.3396207955866, 1373.2129679144437, 1329.5140438519445, 1309.9695095377317] -- median: 1373.2129679144437
Best individual is [12, 6, 7, 16, 20, 9, 1, 18, 15, 5, 14, 19, 13, 17, 3, 8, 2, 4, 11, 10, 0], (1309.9695095377317,)
Median individual is [0, 10, 11, 4, 2, 8, 16, 3, 6, 12, 7, 17, 13, 19, 14, 20, 9, 1, 5, 18, 15], (1373.2129679144437,)
Finding for config => pop: 400, mut: 0.02, el: 4
Results: [1418.5555205505289, 1323.4943049468166, 1600.3020662354434, 1501.3387056552388, 1450.9663885596897] -- median: 1450.9663885596897
Best individual is [0, 10, 11, 4, 2, 8, 20, 9, 1, 18, 15, 5, 14, 19, 13, 17, 16, 3, 7, 6, 12], (1323.4943049468166,)
Median individual is [12, 6, 7, 2, 11, 10, 4, 8, 3, 16, 17, 13, 19, 14, 20, 9, 1, 5, 15, 18, 0], (1450.9663885596897,)
# Changing mutation #
Finding for config => pop: 100, mut: 0.05, el: 4
Results: [1690.2240192473953, 1702.3250596135947, 1504.5467146399699, 1513.7710645798684, 1561.6410775310053] -- median: 1561.6410775310053
Best individual is [14, 19, 13, 17, 16, 20, 9, 1, 5, 15, 18, 0, 10, 11, 4, 2, 6, 12, 7, 3, 8], (1504.5467146399699,)
Median individual is [0, 10, 11, 4, 2, 8, 20, 9, 1, 18, 15, 5, 16, 3, 6, 12, 7, 17, 13, 19, 14], (1561.6410775310053,)
Finding for config => pop: 100, mut: 0.1, el: 4
Results: [1480.3882055371869, 1527.560894789738, 1491.0039351020828, 1396.042030707099, 1599.7810465697155] -- median: 1491.0039351020828
Best individual is [15, 18, 5, 1, 9, 20, 14, 19, 13, 17, 7, 12, 6, 2, 8, 3, 16, 4, 11, 10, 0], (1396.042030707099,)
Median individual is [12, 6, 7, 16, 20, 19, 14, 5, 15, 18, 1, 9, 0, 10, 11, 4, 2, 8, 3, 17, 13], (1491.0039351020828,)
Finding for config => pop: 100, mut: 0.15, el: 4
Results: [1489.6627484210533, 1433.9417012455128, 1297.3368185191691, 1522.2117147481388, 1640.3249457795796] -- median: 1489.6627484210533
Best individual is [13, 19, 14, 5, 15, 18, 1, 9, 20, 16, 17, 3, 8, 7, 12, 6, 2, 4, 11, 10, 0], (1297.3368185191691,)
Median individual is [13, 19, 20, 14, 5, 15, 18, 1, 9, 0, 10, 11, 4, 2, 6, 12, 7, 8, 3, 17, 16], (1489.6627484210533,)
Finding for config => pop: 100, mut: 0.2, el: 4
Results: [1585.0090985503764, 1572.2988011315133, 1635.8188179936753, 1553.7497799140197, 1470.1586808248555] -- median: 1572.2988011315133
Best individual is [11, 2, 6, 12, 7, 8, 3, 16, 17, 13, 19, 20, 14, 5, 15, 18, 1, 9, 4, 10, 0], (1470.1586808248555,)
Median individual is [15, 18, 5, 1, 9, 20, 14, 19, 16, 3, 7, 12, 6, 11, 10, 0, 4, 2, 8, 17, 13], (1572.2988011315133,)
# Changing elitism #
Finding for config => pop: 100, mut: 0.05, el: 5
Results: [1524.5503667614244, 1658.5693398195244, 1489.5671367222694, 1530.042203729322, 1603.8442309345971] -- median: 1530.042203729322
Best individual is [0, 10, 11, 4, 2, 9, 1, 18, 15, 5, 14, 19, 20, 16, 8, 6, 12, 7, 3, 17, 13], (1489.5671367222694,)
Median individual is [5, 15, 18, 1, 9, 4, 2, 8, 3, 16, 20, 14, 19, 13, 17, 7, 12, 6, 11, 10, 0], (1530.042203729322,)
Finding for config => pop: 100, mut: 0.05, el: 10
Results: [1515.4196291635494, 1558.139190553259, 1513.773858438342, 1683.4814686952407, 1698.1919696052332] -- median: 1558.139190553259
Best individual is [0, 10, 11, 4, 6, 12, 7, 16, 5, 15, 18, 1, 9, 20, 14, 19, 13, 17, 3, 8, 2], (1513.773858438342,)
Median individual is [3, 17, 13, 19, 20, 16, 8, 7, 12, 6, 2, 4, 11, 10, 0, 18, 15, 5, 1, 9, 14], (1558.139190553259,)
Finding for config => pop: 100, mut: 0.05, el: 15
Results: [1528.0820759350916, 1581.9466509471772, 1616.8805657265543, 1557.5694075071833, 1486.7970679663827] -- median: 1557.5694075071833
Best individual is [0, 10, 11, 4, 2, 8, 16, 19, 14, 5, 15, 18, 1, 9, 20, 6, 12, 7, 3, 17, 13], (1486.7970679663827,)
Median individual is [0, 9, 1, 18, 15, 5, 14, 19, 20, 16, 3, 8, 4, 10, 11, 2, 6, 12, 7, 17, 13], (1557.5694075071833,)
Finding for config => pop: 100, mut: 0.05, el: 20
Results: [1652.7094312300057, 1727.683102130912, 1565.5161602805183, 1628.3020847318987, 1513.9615569690195] -- median: 1628.3020847318987
Best individual is [0, 10, 11, 4, 20, 19, 14, 5, 15, 18, 1, 9, 16, 7, 12, 6, 2, 8, 3, 17, 13], (1513.9615569690195,)
Median individual is [14, 19, 13, 17, 3, 8, 2, 4, 18, 15, 5, 1, 9, 20, 16, 7, 12, 6, 11, 10, 0], (1628.3020847318987,)
