
### BORDER CHECK ###
# Changing population #
Finding for config => pop: 50, mut: 0.05, el: 5
Results: [5750.748391702657, 4675.8756958349595, 8025.262619037459, 5220.700694839505, 4838.347946472521] -- median: 5220.700694839505
Best individual is [5, 15, 18, 1, 9, 14, 20, 16, 7, 12, 6, 8, 17, 13, 19, 3, 2, 4, 0, 10, 11], (4675.8756958349595,)
Median individual is [14, 20, 16, 3, 8, 12, 6, 4, 7, 1, 18, 15, 5, 9, 19, 13, 17, 2, 0, 10, 11], (5220.700694839505,)
Finding for config => pop: 100, mut: 0.05, el: 5
Results: [4802.764036548939, 4751.5856843337815, 5175.350202450671, 4969.276829455419, 4625.29179021432] -- median: 4802.764036548939
Best individual is [7, 12, 6, 19, 13, 14, 5, 15, 18, 1, 9, 20, 16, 17, 3, 8, 2, 4, 0, 10, 11], (4625.29179021432,)
Median individual is [0, 10, 4, 7, 16, 3, 17, 13, 19, 14, 5, 15, 18, 1, 9, 20, 12, 6, 8, 2, 11], (4802.764036548939,)
Finding for config => pop: 200, mut: 0.05, el: 5
Results: [4705.982334794937, 4637.567302735003, 5366.182388325604, 5069.388770551015, 4509.8212890833165] -- median: 4705.982334794937
Best individual is [0, 10, 4, 6, 12, 7, 16, 20, 9, 1, 18, 15, 5, 14, 19, 13, 17, 3, 8, 2, 11], (4509.8212890833165,)
Median individual is [0, 10, 4, 7, 20, 9, 1, 18, 15, 5, 14, 19, 13, 17, 16, 3, 8, 12, 6, 2, 11], (4705.982334794937,)
Finding for config => pop: 400, mut: 0.05, el: 5
Results: [4735.916262618641, 4783.492621053136, 4681.356683534414, 4735.916262618641, 5003.969483089915] -- median: 4735.916262618641
Best individual is [11, 10, 0, 4, 2, 7, 20, 5, 15, 18, 1, 9, 14, 19, 13, 17, 16, 3, 8, 6, 12], (4681.356683534414,)
Median individual is [12, 6, 7, 4, 0, 10, 2, 8, 3, 17, 13, 19, 14, 5, 15, 18, 1, 9, 20, 16, 11], (4735.916262618641,)
# Changing mutation #
Finding for config => pop: 100, mut: 0.05, el: 5
Results: [5171.779778644262, 7706.88748125015, 4664.600478342994, 4574.9874234155905, 5005.049244220434] -- median: 5005.049244220434
Best individual is [11, 10, 0, 4, 2, 6, 12, 7, 8, 3, 20, 5, 15, 18, 1, 9, 14, 19, 13, 17, 16], (4574.9874234155905,)
Median individual is [0, 10, 4, 2, 13, 19, 14, 9, 20, 16, 3, 8, 17, 1, 18, 15, 5, 7, 12, 6, 11], (5005.049244220434,)
Finding for config => pop: 100, mut: 0.1, el: 5
Results: [4874.754787797003, 4618.278629848632, 4479.462125363772, 4883.3291484578895, 4546.613514933265] -- median: 4618.278629848632
Best individual is [11, 10, 0, 4, 2, 8, 3, 17, 13, 19, 14, 5, 15, 18, 1, 9, 20, 16, 7, 6, 12], (4479.462125363772,)
Median individual is [11, 10, 0, 4, 2, 8, 3, 6, 12, 7, 16, 17, 14, 5, 15, 18, 1, 9, 20, 19, 13], (4618.278629848632,)
Finding for config => pop: 100, mut: 0.15, el: 5
Results: [4760.546465732538, 4715.672699029007, 4917.747874975227, 4546.613514933265, 4959.376183936092] -- median: 4760.546465732538
Best individual is [11, 2, 3, 16, 20, 9, 1, 18, 15, 5, 14, 19, 13, 17, 8, 7, 12, 6, 4, 10, 0], (4546.613514933265,)
Median individual is [11, 18, 15, 5, 1, 9, 20, 16, 7, 12, 6, 3, 19, 14, 13, 17, 8, 2, 4, 10, 0], (4760.546465732538,)
Finding for config => pop: 100, mut: 0.2, el: 5
Results: [4774.128757712476, 4463.480788598482, 4896.29895902547, 4495.056503658966, 5019.576764610294] -- median: 4774.128757712476
Best individual is [11, 10, 0, 4, 2, 6, 12, 7, 8, 3, 17, 13, 19, 16, 20, 14, 9, 1, 5, 18, 15], (4463.480788598482,)
Median individual is [11, 16, 7, 12, 6, 10, 0, 4, 2, 8, 3, 17, 13, 19, 14, 20, 9, 1, 5, 18, 15], (4774.128757712476,)
# Changing elitism #
Finding for config => pop: 100, mut: 0.05, el: 5
Results: [4524.510658823707, 7582.261386008798, 4775.522550235211, 5942.8644852642, 4588.700485926441] -- median: 4775.522550235211
Best individual is [0, 10, 4, 2, 8, 3, 17, 13, 19, 14, 9, 1, 18, 15, 5, 20, 16, 7, 12, 6, 11], (4524.510658823707,)
Median individual is [0, 10, 4, 7, 16, 20, 9, 1, 18, 15, 5, 14, 19, 13, 17, 8, 12, 6, 3, 2, 11], (4775.522550235211,)
Finding for config => pop: 100, mut: 0.05, el: 10
Results: [5099.558053885201, 4431.248319851387, 4687.441767672938, 4774.6105238355185, 4688.559868354602] -- median: 4688.559868354602
Best individual is [11, 10, 0, 4, 2, 6, 12, 7, 8, 3, 16, 17, 13, 19, 14, 20, 9, 1, 5, 18, 15], (4431.248319851387,)
Median individual is [11, 10, 0, 4, 2, 7, 8, 3, 13, 19, 14, 5, 15, 18, 1, 9, 20, 17, 16, 6, 12], (4688.559868354602,)
Finding for config => pop: 100, mut: 0.05, el: 15
Results: [5217.470415341259, 5121.029930027176, 4514.549050541315, 4881.695025686535, 4595.238233440389] -- median: 4881.695025686535
Best individual is [0, 10, 4, 2, 6, 12, 7, 8, 3, 17, 13, 19, 16, 20, 14, 5, 15, 18, 1, 9, 11], (4514.549050541315,)
Median individual is [11, 7, 20, 9, 1, 18, 15, 5, 14, 19, 13, 17, 16, 3, 8, 2, 4, 0, 10, 6, 12], (4881.695025686535,)
Finding for config => pop: 100, mut: 0.05, el: 20
Results: [4565.73403900288, 5329.382192690667, 4915.408129428591, 4801.396111508065, 4431.248319851387] -- median: 4801.396111508065
Best individual is [11, 10, 0, 4, 2, 6, 12, 7, 8, 3, 16, 17, 13, 19, 14, 20, 9, 1, 5, 18, 15], (4431.248319851387,)
Median individual is [11, 8, 3, 6, 12, 7, 5, 15, 18, 1, 9, 20, 14, 19, 16, 13, 17, 2, 4, 10, 0], (4801.396111508065,)
